868996030168140 1549025161000
868996030168140 1549025461000
868996030168140 1549038855000
868996030168140 1549039466000
868996030168140 1549051506000
868996030168140 1549074226000
868996030168140 1549074949000
868996030168140 1549075532000
868996030168140 1549085202000
868996030168140 1549105556000
868996030168140 1549116716000
868996030168140 1549119866000
868996030168140 1549144449000
868996030168140 1549167826000
868996030168140 1549201982000
868996030168140 1549203474000
868996030168140 1549211584000
868996030168140 1549215398000
868996030168140 1549286424000
868996030168140 1549287345000
868996030168140 1549298011000
868996030168140 1549347798000
868996030168140 1549353250000
868996030168140 1549357720000
868996030168140 1549362082000
868996030168140 1549390239000
868996030168140 1549463513000
868996030168140 1549475733000
868996030168140 1549481876000
868996030168140 1549545928000
868996030168140 1549561122000
868996030168140 1549563409000
868996030168140 1549566949000
868996030168140 1549578681000
868996030168140 1549595198000
868996030168140 1549600058000
868996030168140 1549628721000
868996030168140 1549695667000
868996030168140 1549708267000
868996030168140 1549716538000
868996030168140 1549717406000
868996030168140 1549821423000
868996030168140 1549841252000
868996030168140 1549864946000
868996030168140 1549882113000
868996030168140 1549886992000
868996030168140 1549895725000
868996030168140 1549935285000
868996030168140 1549975743000
868996030168140 1549980413000
868996030168140 1549981033000
868996030168140 1550015374000
868996030168140 1550023998000
868996030168140 1550026762000
868996030168140 1550073814000
868996030168140 1550074452000
868996030168140 1550176633000
868996030168140 1550240929000
868996030168140 1550252882000
868996030168140 1550254697000
868996030168140 1550283416000
868996030168140 1550396971000
868996030168140 1550405198000
868996030168140 1550564374000
868996030168140 1550582932000
868996030168140 1550584221000
868996030168140 1550629138000
868996030168140 1550630082000
868996030168140 1550630988000
868996030168140 1550637874000
868996030168140 1550645074000
868996030168140 1550756603000
868996030168140 1550835411000
868996030168140 1550839457000
868996030168140 1550866931000
868996030168140 1551037534000
868996030168140 1551043492000
868996030168140 1551097654000
868996030168140 1551195322000
868996030168140 1551304724000
868996030293211 1548260708000
868996030293211 1548262404000
868996030293211 1548280945000
868996030293211 1548281619000
868996030293211 1548282315000
868996030293211 1548294309000
868996030293211 1548335770000
868996030293211 1548337326000
868996030293211 1548376657000
868996030293211 1548377725000
868996030293211 1548440710000
868996030293211 1548475338000
868996030293211 1548555099000
868996030293211 1548600990000
868996030293211 1548601647000
868996030293211 1548639880000
868996030293211 1549106810000
868996030293211 1549127480000
868996030293211 1549128464000
868996030293211 1549174074000
