868996030168140 1549108249000
868996030168140 1549108487000
868996030168140 1549108733000
868996030168140 1549108988000
868996030168140 1549109236000
868996030168140 1549116236000
868996030168140 1549122406000
868996030168140 1549144204000
868996030168140 1549167578000
868996030168140 1549169834000
868996030168140 1549247590000
868996030168140 1549251839000
868996030168140 1549291736000
868996030168140 1549297180000
868996030168140 1549339821000
868996030168140 1549340060000
868996030168140 1549340856000
868996030168140 1549347067000
868996030168140 1549347260000
868996030168140 1549348078000
868996030168140 1549358106000
868996030168140 1549360687000
868996030168140 1549362857000
868996030168140 1549511174000
868996030168140 1549546780000
868996030168140 1549547037000
868996030168140 1549547286000
868996030168140 1549547536000
868996030168140 1549547785000
868996030168140 1549548034000
868996030168140 1549548284000
868996030168140 1549548533000
868996030168140 1549548845000
868996030168140 1549549133000
868996030168140 1549549402000
868996030168140 1549549672000
868996030168140 1549549936000
868996030168140 1549599183000
868996030168140 1549692742000
868996030168140 1549696833000
868996030168140 1549697946000
868996030168140 1549706593000
868996030168140 1549737965000
868996030168140 1549763047000
868996030168140 1549765188000
868996030168140 1549766466000
868996030168140 1549768007000
868996030168140 1549819711000
868996030168140 1549857097000
868996030168140 1549862469000
868996030168140 1549904786000
868996030168140 1549925024000
868996030168140 1549939686000
868996030168140 1549941288000
868996030168140 1549941835000
868996030168140 1549945363000
868996030168140 1549979225000
868996030168140 1549979474000
868996030168140 1550018240000
868996030168140 1550037934000
868996030168140 1550039265000
868996030168140 1550072952000
868996030168140 1550153187000
868996030168140 1550153432000
868996030168140 1550153921000
868996030168140 1550154187000
868996030168140 1550154452000
868996030168140 1550154697000
868996030168140 1550154941000
868996030168140 1550155432000
868996030168140 1550155677000
868996030168140 1550155922000
868996030168140 1550156167000
868996030168140 1550156412000
868996030168140 1550156657000
868996030168140 1550156902000
868996030168140 1550157148000
868996030168140 1550157392000
868996030168140 1550157638000
868996030168140 1550157883000
868996030168140 1550158126000
868996030168140 1550158372000
868996030168140 1550158617000
868996030168140 1550158862000
868996030168140 1550159107000
868996030168140 1550159351000
868996030168140 1550159596000
868996030168140 1550159841000
868996030168140 1550160086000
868996030168140 1550160328000
868996030168140 1550160572000
868996030168140 1550160816000
868996030168140 1550203620000
868996030168140 1550204790000
868996030168140 1550209126000
868996030168140 1550258365000
868996030168140 1550287479000
868996030168140 1550382129000
868996030168140 1550383362000
868996030168140 1550385110000
868996030168140 1550417160000
868996030168140 1550430771000
868996030168140 1550433121000
868996030168140 1550442182000
868996030168140 1550445061000
868996030168140 1550454932000
868996030168140 1550456761000
868996030168140 1550457141000
868996030168140 1550459792000
868996030168140 1550460171000
868996030168140 1550501663000
868996030168140 1550503593000
868996030168140 1550505188000
868996030168140 1550506009000
868996030168140 1550557467000
868996030168140 1550888668000
868996030168140 1550989685000
868996030168140 1551066797000
868996030168140 1551097979000
868996030168140 1551098215000
868996030168140 1551098462000
868996030168140 1551098698000
868996030168140 1551098945000
868996030168140 1551099181000
868996030168140 1551099428000
868996030168140 1551099934000